       key      shmid perms                  size  cpid  lpid nattch   uid   gid  cuid  cgid      atime      dtime      ctime                   rss                  swap
         0      65539  1600                524288 20400 23482      2  1000  1000  1000  1000 1602785122 1602785122 1602784217                139264                     0
         0      65540  1600               4194304 20400 23482      2  1000  1000  1000  1000 1602785122 1602785122 1602784217                884736                     0
         0          6  1600                524288  2382  2636      2  1000  1000  1000  1000 1602782390 1602782390 1602782389                  4096                     0
         0          9  1600                393216  2619  2636      2  1000  1000  1000  1000 1602782390 1602782390 1602782390                196608                     0
         0      98314  1600                524288  6632  1194      2  1000  1000  1000  1000 1602785165          0 1602785165                  4096                     0
         0      32781  1600              67108864  2712 23214      2  1000  1000  1000  1000 1602784947 1602784947 1602783414               8294400                     0
         0         14  1600                524288  2602  1194      2  1000  1000  1000  1000 1602782391          0 1602782391                 12288                     0
         0      65558  1600                524288  2624 23550      2  1000  1000  1000  1000 1602785177 1602785177 1602784627                512000                     0
         0      65559  1600                524288  2624 23550      2  1000  1000  1000  1000 1602785177 1602785177 1602784628                524288                     0
         0         24  1600               4194304  2624 23550      2  1000  1000  1000  1000 1602785177 1602785177 1602782392               4194304                     0
         0      65561  1600                524288  2624 23550      2  1000  1000  1000  1000 1602785177 1602785177 1602784628                524288                     0
         0      65562  1600                524288  2624 23550      2  1000  1000  1000  1000 1602785177 1602785177 1602784629                524288                     0
         0         27  1600                524288  2688  1194      2  1000  1000  1000  1000 1602782394          0 1602782394                122880                     0
         0      65564  1600                524288  2624 23550      2  1000  1000  1000  1000 1602785177 1602785177 1602784630                512000                     0
         0      65565  1600                524288  2624 23550      2  1000  1000  1000  1000 1602785177 1602785177 1602784631                524288                     0
         0         30  1600                524288  2723  1194      2  1000  1000  1000  1000 1602782394          0 1602782394                  4096                     0
         0         31  1600               4194304  2688  1194      2  1000  1000  1000  1000 1602782394          0 1602782394                524288                     0
         0      65568  1600                524288  2624 23550      2  1000  1000  1000  1000 1602785177 1602785177 1602784632                512000                     0
         0      65569  1600                524288  2624 23550      2  1000  1000  1000  1000 1602785177 1602785177 1602784634                 86016                     0
         0         34  1600                524288  2715 20400      2  1000  1000  1000  1000 1602784216 1602784216 1602782394                483328                     0
         0      32803   600               2304000 19759 19786      2  1000  1000  1000  1000 1602783988 1602783988 1602783948               2306048                     0
         0         37  1600                524288  2767  1194      2  1000  1000  1000  1000 1602782434          0 1602782434                524288                     0
         0         38  1600                524288  2767  1194      2  1000  1000  1000  1000 1602782441          0 1602782441                524288                     0
         0         39  1600                524288  2767  1194      2  1000  1000  1000  1000 1602782441          0 1602782441                131072                     0
         0      65576  1600               4194304  2624 23550      2  1000  1000  1000  1000 1602785177 1602785177 1602784791                909312                     0
         0      65577  1600               1048576  2660  1194      2  1000  1000  1000  1000 1602784802          0 1602784802                 90112                     0
         0         42  1600                524288  4958  1194      2  1000  1000  1000  1000 1602782464          0 1602782464                524288                     0
         0         43  1600                524288  4958  1194      2  1000  1000  1000  1000 1602782472          0 1602782472                524288                     0
         0         44  1600                524288  4958  1194      2  1000  1000  1000  1000 1602782472          0 1602782472                475136                     0
         0         51  1600                524288  2671  1194      2  1000  1000  1000  1000 1602782713          0 1602782713                139264                     0
         0      32827   600               3145728 19786  1194      2  1000  1000  1000  1000 1602783995          0 1602783995               3145728                     0
         0      32828   600                 38656 19786  1194      2  1000  1000  1000  1000 1602783995          0 1602783995                 40960                     0
