   7       0 loop0 82 0 2170 13 0 0 0 0 0 48 0 0 0 0 0
   7       1 loop1 220 0 1032 24 0 0 0 0 0 92 0 0 0 0 0
   7       2 loop2 704 0 2000 39 0 0 0 0 0 224 0 0 0 0 0
   7       3 loop3 11559 0 23710 3830 0 0 0 0 0 1696 824 0 0 0 0
   7       4 loop4 12549 0 27124 3636 0 0 0 0 0 1232 692 0 0 0 0
   7       5 loop5 135 0 2296 50 0 0 0 0 0 100 8 0 0 0 0
   7       6 loop6 81 0 2158 23 0 0 0 0 0 44 0 0 0 0 0
   7       7 loop7 92 0 2172 29 0 0 0 0 0 68 4 0 0 0 0
   8      16 sdb 2990 0 247856 34351 14 0 0 74 0 8968 30864 0 0 0 0
   8      17 sdb1 174 0 16064 2281 0 0 0 0 0 644 2052 0 0 0 0
   8      18 sdb2 685 0 57104 3494 0 0 0 0 0 2244 2772 0 0 0 0
   8      19 sdb3 162 0 12896 1511 0 0 0 0 0 448 1336 0 0 0 0
   8      20 sdb4 206 0 18208 3120 0 0 0 0 0 720 2872 0 0 0 0
   8      21 sdb5 167 0 15952 2244 0 0 0 0 0 648 2032 0 0 0 0
   8      22 sdb6 167 0 15952 1896 0 0 0 0 0 508 1684 0 0 0 0
   8      23 sdb7 203 0 18256 3789 0 0 0 0 0 752 3524 0 0 0 0
   8      24 sdb8 173 0 16336 3376 0 0 0 0 0 580 3132 0 0 0 0
   8      25 sdb9 134 0 10816 2139 0 0 0 0 0 512 1948 0 0 0 0
   8      26 sdb10 332 0 35056 4519 0 0 0 0 0 1272 3992 0 0 0 0
   8      27 sdb11 201 0 17624 3279 0 0 0 0 0 492 3080 0 0 0 0
   8       0 sda 82272 36886 5317218 34856 116178 87327 5119666 35241 0 97980 14688 0 0 0 0
   8       1 sda1 294 5 17472 158 2 0 2 0 0 232 4 0 0 0 0
   8       2 sda2 81670 36881 5288666 34645 86373 87327 5119664 34034 0 95672 14672 0 0 0 0
   7       8 loop8 14964 0 30514 15311 0 0 0 0 0 1756 12376 0 0 0 0
   7       9 loop9 4431 0 9454 1832 0 0 0 0 0 584 64 0 0 0 0
   7      10 loop10 218 0 1028 19 0 0 0 0 0 92 0 0 0 0 0
   7      11 loop11 400 0 2824 82 0 0 0 0 0 172 0 0 0 0 0
   7      12 loop12 47 0 680 5 0 0 0 0 0 24 0 0 0 0 0
   7      13 loop13 63 0 2160 41 0 0 0 0 0 40 20 0 0 0 0
   7      14 loop14 602 0 3232 56 0 0 0 0 0 152 12 0 0 0 0
