major minor  #blocks  name

   7        0     261700 loop0
   7        1      56276 loop1
   7        2      63580 loop2
   7        3      51888 loop3
   7        4     223124 loop4
   7        5     167596 loop5
   7        6     173368 loop6
   7        7     148020 loop7
   8       16  976762584 sdb
   8       17     665600 sdb1
   8       18     266240 sdb2
   8       19     131072 sdb3
   8       20  423060312 sdb4
   8       21     986112 sdb5
   8       22     934912 sdb6
   8       23  460798976 sdb7
   8       24   28471296 sdb8
   8       25   11718656 sdb9
   8       26   20507648 sdb10
   8       27   29213696 sdb11
   8        0  500107608 sda
   8        1     524288 sda1
   8        2  499581952 sda2
   7        8      31672 loop8
   7        9      56648 loop9
   7       10      50980 loop10
   7       11     297408 loop11
   7       12      30992 loop12
   7       14     147876 loop14
