                    CPU0       CPU1       CPU2       CPU3       
          HI:        390     989828        358        557
       TIMER:     467407     460111     477728     444363
      NET_TX:         10        973         13     330965
      NET_RX:        761        835        850        734
       BLOCK:     186042       1348      16669       1472
    IRQ_POLL:          0          0          0          0
     TASKLET:         47       1477         88     440639
       SCHED:     322290     318696     345711     314802
     HRTIMER:          0          0          0       1858
         RCU:     357666     369480     356274     363956
