0000	80861604	0	               0	               0	               0	               0	               0	               0	               0	               0	               0	               0	               0	               0	               0	               0	bdw_uncore
0010	80861616	33	        c3000004	               0	        d000000c	               0	            7001	               0	           c0002	         1000000	               0	        10000000	               0	              40	               0	           20000	i915
0018	8086160c	35	        c6218004	               0	               0	               0	               0	               0	               0	            4000	               0	               0	               0	               0	               0	               0	snd_hda_intel
0020	80861603	10	        c6210004	               0	               0	               0	               0	               0	               0	            8000	               0	               0	               0	               0	               0	               0	proc_thermal
00a0	80869cb1	2f	        c6200004	               0	               0	               0	               0	               0	               0	           10000	               0	               0	               0	               0	               0	               0	xhci_hcd
00b0	80869cba	32	        c6222004	               0	               0	               0	               0	               0	               0	              20	               0	               0	               0	               0	               0	               0	mei_me
00d8	80869ca0	34	        c621c004	               0	               0	               0	               0	               0	               0	            4000	               0	               0	               0	               0	               0	               0	snd_hda_intel
00e0	80869c90	2a	               0	               0	               0	               0	               0	               0	               0	               0	               0	               0	               0	               0	               0	               0	pcieport
00e1	80869c92	2b	               0	               0	               0	               0	               0	               0	               0	               0	               0	               0	               0	               0	               0	               0	pcieport
00e2	80869c94	2c	               0	               0	               0	               0	               0	               0	               0	               0	               0	               0	               0	               0	               0	               0	pcieport
00e3	80869c96	2d	               0	               0	               0	               0	               0	               0	               0	               0	               0	               0	               0	               0	               0	               0	pcieport
00e4	80869c98	2e	               0	               0	               0	               0	               0	               0	               0	               0	               0	               0	               0	               0	               0	               0	pcieport
00f8	80869cc3	0	               0	               0	               0	               0	               0	               0	               0	               0	               0	               0	               0	               0	               0	               0	lpc_ich
00fa	80869c83	30	            7089	            7095	            7081	            7091	            7061	        c6220000	               0	               8	               4	               8	               4	              20	             800	               0	ahci
00fb	80869ca2	12	        c6221004	               0	               0	               0	            7041	               0	               0	             100	               0	               0	               0	              20	               0	               0	i801_smbus
0800	10ecb723	12	            5001	               0	        c6100004	               0	               0	               0	               0	             100	               0	            4000	               0	               0	               0	               0	rtl8723be
0900	10ec8136	13	            4001	               0	        c6004004	               0	        c6000004	               0	               0	             100	               0	            1000	               0	            4000	               0	               0	r8169
0a00	10de1347	ff	        c4000000	        b000000c	               0	        c000000c	               0	            3001	               0	         1000000	        10000000	               0	         2000000	               0	              80	               0	
