2185
2186
2202
2204
2209
2211
2213
2216
2230
2231
2232
2236
2241
2243
2244
2245
2250
2251
2253
2254
2257
2259
2260
2262
2263
2264
2265
2267
2268
2269
2270
2272
2286
2289
2291
2295
2297
2299
2307
2312
2315
2325
2326
2327
2338
2394
2395
2399
2410
2411
2412
2414
2416
2420
2421
2423
2424
2425
2426
2428
2429
2430
2431
2432
2434
2441
2442
2443
2447
2452
2453
2454
2574
2575
2579
2587
2594
2666
2667
2668
2817
2822
2823
2825
2857
2862
2865
2866
2867
2868
2869
2893
2897
2898
2904
2905
2917
2918
2920
2922
2925
2928
2932
2934
2935
2946
23548
