1505
2178
2179
2208
2210
2212
2215
2354
2377
2378
2379
2381
2382
2383
2384
2385
2387
2389
2390
2391
2396
2397
2398
2400
2405
2406
2407
2444
2446
2448
2450
2451
2455
2468
2470
2471
2472
2473
2474
2475
2477
2478
2480
2481
2482
2483
2484
2485
2487
2488
2489
2490
2491
2492
2493
2494
2496
2498
2499
2500
2501
2502
2503
2507
2512
2513
2514
2515
2516
2517
2518
2519
2520
2521
2522
2523
2525
2526
2527
2528
2529
2530
2531
2532
2533
2534
2535
2537
2538
2539
2546
2548
2550
2555
2556
2557
2564
2567
2573
2576
2578
2580
2583
2602
2611
2613
2614
2620
2621
2622
2623
2624
2627
2628
2629
2639
2641
2642
2643
2644
2645
2646
2647
2648
2651
2654
2655
2656
2657
2660
2661
2662
2663
2669
2671
2673
2674
2675
2676
2677
2678
2679
2686
2688
2692
2696
2697
2698
2699
2700
2701
2702
2703
2705
2706
2707
2708
2709
2710
2711
2712
2715
2716
2723
2724
2725
2726
2727
2730
2731
2732
2736
2742
2744
2745
2747
2748
2749
2754
2755
2760
2763
2764
2765
2767
2782
2797
2798
2799
2802
2810
2811
2812
2815
2891
3101
3102
3103
3104
4958
4961
4962
4963
4964
4965
4966
4967
6096
6097
6098
6099
6626
6627
6628
6629
6630
6632
6638
6639
6643
6645
6646
6652
6653
6656
6657
6658
6659
6661
6663
6664
6665
6666
6667
6669
6670
6673
6674
6675
6676
6677
6678
6679
6680
6681
6683
6684
6686
6688
6690
6692
6693
6694
6695
6696
6698
6701
6702
6704
6705
6716
6742
6745
6748
6775
6835
6894
6895
6897
6898
6900
6901
6902
6903
6904
7036
7075
7076
7078
7079
7081
7082
7083
7084
7085
7108
7109
7110
7112
7113
7114
7119
7122
7123
7125
7126
7128
7129
7130
7131
7132
7177
7179
7180
7181
7219
7225
7389
7390
7392
7393
7395
7396
7397
7398
7399
7400
7401
7403
7404
7406
7407
7408
7409
7410
11781
18388
18605
18682
18825
18998
18999
19001
19002
19004
19005
19006
19007
19008
19102
19164
19165
19167
19168
19170
19171
19172
19173
19174
19183
19186
19288
19289
19291
19292
19294
19295
19296
19297
19298
19340
19635
19642
19645
19646
19654
19655
19657
19660
19661
19662
19663
19664
19665
19666
19670
19695
19696
19697
19698
19700
19701
19703
19704
19705
19730
19731
19759
19786
19787
19788
19789
19790
19791
19813
19814
19824
19827
19828
19829
19831
19832
19833
19834
19835
19836
19837
19838
19839
19841
19842
19844
19846
19850
19851
19852
19853
19854
19855
19856
19857
19858
19860
19861
19862
19863
19864
19865
19866
19867
19868
19869
19870
19871
19872
19874
19876
19884
19885
19887
19889
19890
19891
19892
19893
19894
19895
19897
19900
19901
19902
19903
19919
19920
19921
19922
19923
19924
19925
19926
19927
19928
19929
19930
19931
19932
19937
19939
19941
19942
19944
19945
19946
19947
19948
19949
19951
19952
19953
19954
19955
19957
19958
19959
19960
19961
19964
19965
19966
19968
19971
19972
19973
19974
19975
19976
19991
20039
20048
20065
20066
20119
20127
20128
20129
20131
20132
20133
20134
20163
20164
20165
20166
20167
20168
20169
20170
20171
20174
20178
20180
20183
20184
20186
20398
20400
20403
20404
20405
20416
20450
21592
21593
21594
21595
21596
21598
21599
21600
21601
21602
21608
21609
21610
21611
21612
21657
21658
21659
21660
21661
21663
21664
21665
21666
21667
22266
22267
22319
22321
22360
22444
22464
22690
22730
22799
22824
22850
22919
22930
23022
23053
23055
23057
23058
23059
23060
23061
23062
23063
23064
23065
23078
23115
23203
23262
23277
23278
23279
23280
23281
23283
23284
23285
23286
23287
23313
23314
23315
23316
23317
23321
23322
23323
23324
23325
23329
23333
23346
23426
23432
23433
23434
23435
23466
23467
23478
23503
23521
23523
23528
23532
23537
23539
23545
23549
23552
23564
